
Aix\ en\ Provence = 43.531389, 5.423333

Asniu00E8res = 48.918056, 2.283611

Baccarat = 48.449167, 6.738888

Bagnols = 45.918333, 4.608056

Bar\ le\ Duc = 48.771944, 5.160278

Bordeaux = 44.838611, -0.578333

Bourbon-l'Archambt = 47.15984,2.988281

Bourg-en-Bresse = 46.2056, 5.2289

Bourges = 47.084444, 2.396389

Brienon\ sur\ Arman\u00E7on = 47.99361, 3.61722

Brousseval = 50.846667, 4.3525

Carmaux = 44.05, 2.158889

Chalons\ sur\ Marne = 48.9575, 4.365

Chaumont = 47.479167, 1.181944

Cognac = 45.695833, -0.329167

Colombes = 48.818514,2.31962

Cruseilles = 46.033333, 6.116667

Darney = 48.086, 6.047

Dunkerque = 48.603858,3.22998

Etampes = 48.435833, 2.163056

Evian\ les\ Bains = 46.383333, 6.583333

Gaillac-sur-Tarn = 43.901389, 1.899167

Grainville-Ymauville = 49.6578960, 0.4159120

Hesdin = 50.375, 2.0375

Honfleur = 49.419444, 0.2325

La\ Roche\ sur\ Yon = 46.670556, -1.426667

Le\ Creusot = 46.8014, 4.4411

Le\ Mans = 48.020013, 0.198784

Lille = 50.6325, 3.058333

Limoges = 45.8353, 1.2625

Lorient = 47.746667, -3.364722

Mantes-la-Jolie = 48.990833, 1.717222

Marseille = 43.2975, 5.377222

Monteux = 45.248257,0.340058

Montrouge = 48.818333, 2.32

Nancy = 48.690278, 6.183333

Neufch\u00E2teau = 48.356389, 5.696389

Nice = 43.702778, 7.269167

Paris = 48.866667, 2.333056

Pont\ \u00E0\ Mousson = 48.905833, 6.058611

Prunay\ le\ Gillon = 48.136767,1.801758

Ravel = 45.779, 3.396

Riberac = 47.15984,2.988281

Romans = 46.11667, 5.03333

Roubaix = 50.7, 3.17

Ru00E9almont = 43.816667, 2.2

Soisy\ sous\ Montmoren = 47.15984,2.988281

St\ Cu00F4me\ sur\ Lot = 43.564472,5.493164

St\ Denis\ d'Anjou = 47.15984,2.988281

St\ Gaudens = 43.108889, 0.724167

St\ Jean\ de\ Maurienne = 45.272889, 6.348444

St\ Maur = 48.797778, 2.503056

St\ Papoul = 43.332222, 2.036667

S\u00E8te = 43.405278, 3.6975

Tercillat = 47.15984,2.988281

Tignes\ les\ Bru00E9viu00E8res = 47.15984,2.988281

Tours = 47.393611, 0.689167

Tru00E9lazu00E9 = 47.446667 , -0.465278

Vannes = 47.655833, -2.760278

Verdun\ sur\ Garonne = 43.853889, 1.236389

Vielmur = 43.616667, 2.1

Villedieu\ sur\ Indre = 47.15984,2.988281

Villeneuve\ d'Ascq = 47.15984,2.988281

Vincennes = 43.421009,5.361328
